sourceLat  = 7.708265;
sourceLon = 80.136058;
destiLat = 7.550035;
destiLong = 79.886602;